69
151
179
190
288
307
366
418
434
476
514
563
636
679
705
791
857
902
919
965
1043
1058
1120
1131
1210
1262
1307
1354
1378
1423
1500
1514
1551
1649
1701
1764
1827
1853
1907
1961
2044
2088
2104
2179
2246
2271
2322
2416
2468
2509
2566
2654
2701
2744
2761
2802
2857
2928
2999
3047
3128
3182
3211
3223
3257
3333
3408
3430
3498
3563
3581
3652
3745
3842
3867
3891
3917
3974
4036
4051
4118
4184
4265
4364
4447
4471
4504
4591
4639
4656
4668
4762
4828
4881
4910
4996
5037
5051
5089
5180
5251
5262
5355
5396
5440
5472
5571
5662
5675
5750
5776
5844
5863
5918
5966
6013
6090
6112
6196
6258
6296
6345
6440
6513
6532
6570
6616
6670
6712
6778
6809
6900
6946
6997
7090
7114
7182
7198
7254
7278
7333
7415
7484
7511
7570
7623
7642
7737
7780
7799
7877
7893
7950
8023
8095
8184
8243
8260
8309
8364
8460
8504
8528
8614
8653
8729
8786
8880
8901
9000
9062
9089
9160
9171
9255
9279
9313
9366
9440
9535
9623
9700
9759
9770
9787
9818
9906
9982
10046
10064
10130
10152
10236
10302
10346
10364
10455
10546
10612
10694
10745
10833
10910
10975
11004
11056
11073
11138
11219
11285
11312
11368
11383
11405
11431
11500
11528
11602
11686
11782
11874
11931
11949
11984
12049
12103
12185
12221
12292
12340
12365
12431
12487
12508
12540
12584
12619
12643
12712
12803
12889
12966
13005
13060
13072
13159
13255
13349
13411
13484
13555
13613
13629
13704
13756
13833
13884
13966
14007
14053
14086
14114
14129
14197
14220
14309
14345
14443
14511
14610
14657
14709
14742
14780
14854
14920
14948
14987
15086
15138
15179
15240
15321
15346
15405
15424
15481
15547
15645
15691
15729
15811
15904
15970
16033
16091
16129
16202
16261
16342
16441
16486
16574
16589
16631
16688
16720
16776
16849
16945
17002
17068
17125
17218
17311
17370
17448
17463
17551
17640
17659
17715
17766
17837
17869
17888
17970
18051
18063
18114
18182
18225
18317
18405
18422
18433
18464
18560
18648
18706
18777
18848
18881
18973
19058
19092
19183
19244
19271
19302
19383
19428
19495
19510
19532
19560
19585
19633
19689
19786
19839
19916
19989
20058
20077
20104
20142
20178
20227
20238
20283
20364
20441
20506
20570
20639
20725
20810
20826
20907
20969
21011
21070
21127
21178
21224
21318
21336
21418
21494
21575
21604
21670
21738
21761
21860
21897
21940
22014
22045
22114
22161
22225
22289
22304
22330
22426
22473
22545
22607
22701
22747
22804
22903
22986
23015
23054
23129
23183
23272
23315
23342
23371
23399
23444
23478
23555
23641
23724
23756
23772
23827
23871
23882
23920
23974
24059
24085
24143
24206
24263
24360
24454
24470
24496
24569
24641
24718
24742
24790
24855
24912
24967
25015
25042
25114
25207
25219
25236
25325
25390
25435
25476
25498
25580
25606
25647
25742
25833
25930
25987
26063
26119
26163
26202
26289
26380
26402
26420
26518
26556
26578
26625
26710
26748
26809
26850
26944
26971
27046
27100
27166
27192
27271
27349
27410
27509
27553
27580
27628
27701
27734
27777
27805
27832
27865
27906
27973
28054
28066
28108
28123
28195
28222
28306
28350
28409
28452
28545
28589
28644
28665
28722
28764
28858
28909
28983
29008
29102
29136
29169
29226
29293
29362
29406
29484
29528
29561
29659
29712
29741
29828
29900
29969
30015
30036
30084
30140
30229
30316
30334
30396
30430
30529
30581
30620
30644
30671
30697
30789
30821
30916
31009
31064
31113
31128
31171
31240
31317
31382
31436
31462
31555
31582
31641
31700
31745
31844
31938
32010
32039
32125
32203
32264
32301
32322
32390
32438
32479
32560
32576
32618
32665
32721
32799
32863
32918
32962
32988
33060
33105
33182
33238
33262
33340
33432
33471
33509
33554
33582
33597
33618
33680
33759
33827
33891
33968
34045
34106
34191
34285
34302
34315
34363
34456
34524
34550
34579
34677
34762
34791
34882
34938
34949
34966
35054
35135
35178
35273
35327
35356
35428
35512
35527
35556
35649
35662
35717
35783
35817
35906
35948
35981
35993
36037
36060
36115
36137
36216
36242
36331
36388
36399
36486
36584
36600
36667
36679
36750
36764
36807
36862
36934
36958
37020
37045
37133
37196
37237
37298
37363
37408
37506
37601
37699
37731
37776
37853
37908
37933
37981
38042
38130
38145
38181
38232
38325
38360
38391
38465
38528
38565
38606
38674
38739
38822
38880
38893
38951
39014
39088
39170
39241
39259
39278
39307
39394
39447
39533
39560
39651
39663
39707
39784
39855
39938
39989
40067
40149
40198
40272
40283
40368
40449
40467
40501
40560
40649
40673
40771
40849
40948
41002
41020
41076
41137
41165
41244
41290
41363
41380
41425
41518
41606
41633
41700
41748
41759
41791
41857
41953
42008
42071
42160
42257
42326
42418
42511
42573
42637
42678
42693
42730
42796
42880
42898
42930
42973
42984
43008
43082
43163
43204
43242
43281
43368
43433
43460
43559
43658
43704
43721
43792
43814
43831
43853
43881
43962
44043
44111
44122
44140
44197
44268
44334
44386
44477
44576
44594
44627
44702
44759
44781
44822
44893
44931
44964
45036
45100
45166
45242
45319
45330
45378
45391
45465
45537
45619
45643
45687
45726
45794
45816
45840
45902
45967
46004
46038
46067
46109
46184
46249
46348
46425
46488
46579
46593
46676
46722
46795
46849
46901
46938
47024
47050
47145
47164
47242
47341
47390
47425
47504
47520
47586
47680
47741
47827
47916
47960
48038
48049
48126
48211
48254
48296
48331
48387
48431
48443
48515
48566
48579
48617
48686
48704
48795
48883
48928
48966
49047
49138
49233
49287
49376
49467
49555
49577
49599
49691
49786
49863
49961
49974
50025
50050
50138
50184
50219
50260
50303
50330
50416
50439
50497
50562
50573
50599
50614
50655
50744
50842
50859
50902
50924
50935
51001
51080
51124
51203
51225
51304
51342
51424
51498
51595
51621
51717
51748
51804
51873
51920
51994
52023
52069
52097
52174
52243
52292
52314
52405
52463
52514
52539
52630
52683
52746
52809
52873
52952
53026
53120
53196
53262
53274
53349
53408
53474
53559
53592
53643
53656
53707
53788
53830
53893
53957
53991
54014
54036
54122
54138
54170
54219
54240
54322
54407
54462
54528
54547
54641
54713
54787
54818
54865
54953
55019
55107
55144
55186
55241
